0.009202944016291136 0.027786452131627126
-0.1757510191951411 -0.08265100357899695
-0.17576002656673057 -0.13923139098309373
0.03434233801443622 0.010271283855892877
0.09898987616078193 -0.11093632200382754
0.054546938244415706 -0.08266064710294772
0.07878969971499267 -0.13114504719371978
-0.018181454392466215 -0.046295320716236314
0.0222187845473152 0.09107544942157408
0.08282284305294574 0.10320679421133142
-0.10302901762303734 -0.054370884426103154
0.08686463162315224 0.05875975000499757
-0.08281470372313886 0.0021998449196993087
0.1474703178208155 0.0062328067051545585
-0.14343358734843986 0.010273323296990737
0.006060135688952325 -0.17962851392691834
-0.18383182834051515 0.19208257396056072
0.07070521806840392 0.0021949051651043664
-0.04646451184414192 -0.08670101414306033
0.19999263375995427 0.0749194816821754
-0.014141298247732727 0.08704555445302006
0.006061725815038938 -0.1271019653682207
-0.19999652284540495 0.09512339193883096
-0.026263769371960295 0.04664033983683836
-0.1474726141173349 0.05875998973006901
-0.026272934305245355 0.05876182296402269
-0.16360715301967257 0.03452318419020856
0.0908962536722202 0.1799681021707973
-0.08686658369441361 0.16381481991176935
0.07070597061465103 -0.005881802404035734
-0.002021614916909848 0.16784475749791
-0.17575846529787006 -0.07053817161282189
-0.19191905620663413 -0.01801264067408188
-0.0626272197452809 -0.03013163955330475
0.15150776178938014 0.11128574955513623
0.13534413569828305 0.20017556599429945
0.15555296887732117 0.022401841269821733
-0.19595863738648298 -0.03417445078632953
-0.0868734418506679 -0.05033307046901038
0.010101068104493646 -0.05033474046570502
0.042418524015688665 0.16782642059794742
0.14747067025345134 0.04260367690071315
-0.07070455211557054 -0.17962948530139605
-0.13939564486889133 -0.1958019566288965
-0.18788112713989896 -0.13115183168625316
0.10705978044024317 0.07491272524769962
0.10706490241233492 0.13148972280461615
0.030310957823265847 0.12341251949963314
0.05050420572351485 -0.0018456215066626081
0.06263014707614703 -0.19580004189520284
0.12323245137705344 -0.03821563739922045
-0.0909075922153753 0.0749222145823007
0.14746670385472838 -0.022044349729329175
0.19191693340954616 0.010272245514000643
0.1515495934083858 0.06260362668845808
-0.13535190244947062 -0.038212002088358864
-0.13939256482448031 0.06684108876409857
0.13535020739661188 -0.06649265823443994
0.026261582486622585 0.07088048254656949
0.13939523585016897 -0.07861568144583585
-0.010096121886397122 -0.1796326681900581
0.12322449726842398 0.16381169277484656
-0.054544157191655375 0.04664483158985253
0.19191115792087274 0.07896158472734663
-0.08282642036912215 0.010274980762073858
-0.1272710335910067 0.0910842090172759
-0.1878816152542188 -0.1553926774489276
-0.01819611754602143 0.03031919564529751
0.030299881870799482 0.11936865515291134
-0.19191401416971793 0.030477607729601345
-0.1111132493126958 -0.11093762345844363
-0.12726969303078056 0.17996621503363128
0.07878374010352045 0.0830076480752748
-0.15546295695767695 -0.1832884776537549
0.09090958302536475 -0.15135477556707932
-0.01818100651524716 -0.07457942911541418
0.0060609570079547094 -0.11094306188206184
0.12322448082609842 -0.1634539617411731
0.1393895308282292 0.06276917138560019
0.030377112972601743 0.14348551962766906
0.18784542416981886 -0.013877173732056259
-0.07459993477290637 -0.04223348380088615
0.13110318585520925 -0.0624209166205934
0.15551838497303733 0.086289465986712
0.14342627786302548 0.1718670458917296
0.05050354423555119 0.11533293814125681
-0.17575188566420624 -0.09476872848624439
0.17170868212856807 -0.10286487814101765
-0.09894645015814854 0.02638708274793282
-0.026263553535466062 -0.19981867091946787
-0.090904783809484 -0.13116121038967954
0.19998127217405867 0.07084427547406051
-0.12726659673340196 0.002194828105918379
0.08684886855940296 0.19203752606668978
0.10302453391914351 0.1314915590118596
-0.19594957721550976 0.07492386520567573
0.022171851057730795 0.18391899553861907
0.0343350544362898 0.07507023187090274
-0.050492858746214196 -0.0825936427894588
0.06662420902120252 -0.11090706283397353
-0.0706680998937728 0.18746127653328307
0.18378652252330352 -0.11461436586798425
0.04651491879128591 0.07873520223381157
-0.010096747892867606 0.11127649842850325
-0.13518441270106768 -0.06575659404647158
0.19188308980808683 -0.09073441184877366
-0.03421780740951818 -0.13514350472773384
-0.17575675409718336 -0.05842202941144701
0.17939512190565662 0.114830370156908
0.046504726638598705 -0.16316471448475117
0.12315097451847729 0.16929526600963962
-0.07454362261328444 0.031019181638224827
0.10269716196329833 -0.16991148836286588
0.09091047595896487 -0.03424751465476411
0.16767579796173385 -0.1392046200280261
0.18383857074179707 -0.05034843636320376
-0.06666080594756402 -0.17963289059442983
-0.127230930265297 -0.04262115695622122
-0.01021484360158637 -0.13094875267940093
-0.06666081283146558 0.06271308754324749
0.05858371988212753 -0.1634426747055743
-0.1838247357717924 -0.07054963604296142
0.014140186424691899 -0.1715525041262634
0.09899258659041614 -0.123068015051177
0.07474136575441576 0.1880470562938007
-0.11110920202963932 -0.05028490974229271
-0.04654888712803113 -0.16250346585522626
-0.14740575921927168 -0.1917090023730259
0.04238331096219397 0.017411865559095276
0.18383149400947937 0.09108335608605396
0.05050574708094515 -0.026089072388020492
0.06666601374848523 -0.00992858369339994
-0.16767246428383034 0.15977215956406984
-0.1797959266629844 0.058761597319265335
0.15959988616510062 -0.16347263202000095
0.08282548484983299 0.070879477007116
-0.07474745332449562 -0.09882181746281234
0.11110936476191087 -0.0058893015596157595
-0.002019623999455553 0.058759697299274764
-0.030301988649553288 -0.1836758943744068
0.010096913096682075 0.17991270155872846
-0.12316297210175152 -0.15024343026614287
-0.03839651370137139 0.04657271224930607
-0.03434378024609442 -0.030121774497626503
-0.17979383933554585 -0.034174119520437855
0.17169096980200477 0.042588159226529136
0.014150467292185647 0.18801703641425524
-0.15554718225686948 0.03862137724258071
0.1151502506111911 -0.0220498127285444
0.05455223224476999 -0.050330705043506535
-0.014141148401602514 -0.05437542970558611
0.111093144863964 0.09102804614945574
0.08686893684026038 -0.02204188679447786
0.0020408234656680534 0.1313323813328822
-0.1595852674921623 0.15977048208026565
0.12322337522354714 0.1799759043974856
-0.04242283818953326 -0.04628468370667478
-0.026264396760159313 0.10318475627320751
0.19596095353402368 -0.09477693424014319
0.11112002166718167 -0.15538858192852878
-0.10302906007187049 -0.10286543194540185
-0.01818314125927669 -0.16751149711509955
-0.11514614685883327 0.10721527547502688
-0.09494966922238322 0.17186807249478375
0.0666623287566531 0.07492768600154404
-0.1636304729658489 0.0708818539055338
-0.163638164650044 -0.11497846731440943
-0.1070700061192646 0.0870419527123226
0.12726322318263894 0.1880557603834091
0.010103695254009292 -0.12305099147591259
0.10707551369737413 -0.18771956613889207
0.16363710688178787 -0.04629597228925536
0.042425209834697615 -0.042253560609793316
0.19997922241861296 0.11933201041273188
0.030310748678294124 -0.05837318950904342
0.05858362488542639 0.05472089228665626
-0.006059532344496341 -0.08265709590195677
0.05857901036076533 0.095096859374879
0.07878352620980911 0.1112880706758428
0.14343567851294045 -0.07457307190522552
0.14747253313591663 0.01835003140185139
-0.10706171470946776 0.0627946788062838
0.01009922484619785 -0.04224777331121989
0.058585480621825496 -0.05841558377719261
-0.03029438265308656 0.04660304160442073
-0.06262564278268075 0.13148535379560858
0.11109381451136556 0.1638053819626052
-0.08686653359376333 -0.058407410775446506
0.05453902682967312 0.17997181196638845
-0.07474714096813187 -0.10285883913693945
0.02625736527023365 0.16380380904593428
-0.03434197585422662 -0.19982742168831105
0.010102944941143797 -0.17559721899202652
-0.131310480135213 0.05066697189870785
0.17171685266940118 -0.10690077109923711
0.18787232549927707 0.08703026052832682
0.19192379915766436 -0.1270801652321751
0.15555994887014168 -0.1271093404345907
-0.17575540079374763 -0.02609509786441905
-0.19191344342253766 0.13953314780286946
-0.006101461595514133 0.12745695279700844
0.010097938925409654 0.13553147900019555
0.13534892471555118 0.06684257067588047
0.13938495801974105 0.17996750782000465
0.05050640035808611 -0.04627618733227633
0.07878045276790537 0.1920736238149278
0.15151222683476565 0.022417125392532423
-0.01413502580821509 -0.16345768117295417
-0.06666658770574557 -0.06245865416052661
-0.11919288223649836 -0.14327122967533965
-0.1474769226918334 -0.17559786074112546
-0.006067934362297431 -0.11095098718329842
-0.19596035627904423 -0.1917552575274548
-0.07478154184191899 -0.11099663763768675
0.12321646958747906 0.15567752948100133
-0.010098733230875586 0.12745252770674606
-0.14343371551121217 0.0062397082968981225
0.09090207015177537 0.1678536664417046
0.1838437153746014 -0.15536284949315235
0.13131134128911298 0.11118006373234285
0.014140932067306435 0.018356774255181875
-0.07474370460200515 0.0870369879211177
-0.13535278543253537 0.026436102099769307
-0.14343498697123813 -0.06649233083212246
0.026261007008088526 -0.09882203911064555
-0.11111228383466401 -0.1755978659211913
0.014137357741174611 0.19613512574683764
-0.14342171143293514 -0.017967818880762595
0.17575580972575552 -0.16346770102443908
-0.1636330146315651 -0.07862369454430375
-0.12323423285238186 -0.15135105934913068
-0.07878756575649533 0.17592481603700155
-0.13939465157987058 -0.07861765584532715
-0.082828790086239 0.002190159950802035
-0.1959569793689558 -0.10285579660794965
-0.09899112427595469 -0.135190005912587
0.18383833111847622 -0.06650064586287115
0.16363113116210687 0.08299877571742323
0.13535790233333297 -0.13114131729670028
-0.06666427257039956 -0.17559641082353727
0.12726877922288618 -0.08670802710478752
-0.04646377631836742 -0.0786197932615716
0.14342690172911762 -0.046297778482768615
-0.11917513423772587 0.03854301443556108
0.010099743852167529 0.03855902881165269
-0.18382895140139394 0.022395410068364
-0.15555829472043706 -0.11092677609502039
-0.13939631491397075 -0.19176040929379773
0.0666605286318915 0.17592665738299718
0.1636391938664885 -0.1432405951958821
0.0868743085422359 -0.19984068502369468
-0.11110570407078399 -0.11096234585045109
0.038380582128560596 -0.0988239580966705
0.0747437292561176 0.09512504853536571
-0.006062147212405894 0.10320780639748779
-0.05050422062241866 -0.11093379041028825
0.15150514861210407 0.15166327880506203
-0.022219831798564016 0.14765346000956486
0.15553409458116976 0.01031431798384642
0.11111218214275631 -0.009927381250289816
0.12323305100724631 -0.05841474846992475
-0.07070580831481675 0.06280066116512208
-0.17575471273140017 0.07896218702197753
-0.05858794558052677 0.02644026380287587
-0.135350239268742 0.050677999221022646
-0.058590271036578885 0.20016248714208917
-0.08282823783468488 0.014316346656650797
0.038382451190322554 0.0062342620092930194
-0.11514419374058327 0.20016057347288999
0.15151688796424595 -0.13112479711362668
-0.026256435186611263 0.14760910857201148
-0.17171130539077345 0.09108594568278998
0.19998773196307976 -0.04224481020396288
0.034351474140262316 -0.1877075906595235
-0.026263557100455817 0.15167691843714276
0.014138551949570945 0.12745130088253026
0.17979605158593878 -0.06648030509038437
-0.09494471217587618 -0.005890379413433648
-0.1636343056305821 0.050677757110310695
0.046456413212077025 -0.07456036085059052
0.018180475309476824 0.06279667784853663
-0.030302934066505034 0.15976199806971075
0.08283045280820503 -0.13114353415658994
-0.17979149405495498 0.16380549856577656
0.0020113401842311697 0.038573035326115446
0.07474821104569744 -0.1149766471491955
0.030306191711161005 -0.18771846231196712
-0.05454525142201281 0.08299274545264518
0.03434421970762365 -0.11093162787558232
0.16362972874438456 -0.04630342068381328
0.08282857216299719 -0.009930161808935951
-0.1797863768789912 0.09915909158298324
-0.19191699509617588 0.014328164876371244
0.04645588990706494 -0.11497580325777632
-0.12322772133312944 0.11935928991645374
-0.04242607515867907 0.07492541416123606
0.1434243279315009 0.10320572515024619
0.002038457654002107 0.17994360507561064
0.12323159124619405 -0.08262949851757564
-0.14747077620014684 0.06279746732718855
0.11513805166207848 0.0991644436087805
-0.046463574277159525 0.030481002621784745
0.19999821317895808 -0.026092480901426365
0.15958686536337685 0.18400112373476757
0.12323605301135415 -0.13114074370026982
-0.15958190361446611 0.20014715265560712
-0.09494982490767763 -0.022048236964380616
-0.06666822974432006 0.1031895062486557
-0.13939190540800683 0.03856338434497085
-0.002027248983307594 -0.10688788792346762
0.17979014896899004 -0.17963052726173648
-0.1434329149533812 -0.07054191296159414
-0.1959613037426819 -0.12306550555179309
-0.11919079746061087 0.20015775018473575
-0.09494840682530384 0.2001784167341841
0.05050592258496641 -0.18357054499655392
-0.042421860788420584 -0.1311513951383453
0.19595619680560492 -0.005892716604443885
0.046465711329836804 -0.02205007830973993
-0.09090533547315736 -0.09073777687564948
0.042421390838916766 -0.03821731581555836
-0.05858480686133176 -0.04629427240063252
0.10301269528291519 0.10317557798449313
-0.15554794007960696 0.1920931376054517
0.002003308475499112 -0.07042532077078534
0.08282190316882548 0.13552391741322267
0.018182747846090735 0.02240541219534518
-0.0787879376870395 -0.08265953416300095
-0.006059715817099409 -0.16751333746078556
0.05454165177578467 -0.013993704470099975
-0.06262533595940102 0.1355281246000968
0.14746871417753932 0.026451677301920214
0.09899374309045503 -0.1392230392931284
0.10706918097476747 0.006217080591523732
0.1878696036714239 0.1274450094185784
-0.12322768556141618 0.03048047660414197
-0.054548398323164465 -0.01800419438954992
0.15553277877612062 0.09106423388553277
-0.010101148034257464 0.04260005773321494
-0.17979800725950013 -0.155385368223864
-0.05858976294404234 0.0506602696978922
0.1393786388652301 0.1840059254027306
0.1717204872223754 -0.12302770995659443
0.010112800135676068 -0.19983483524053597
0.06666024316576755 0.11931312278662635
0.0666687334363979 -0.11094268049777375
-0.15554957143339493 0.02238713947477646
-0.022225993684410736 0.15168387645779974
-0.01818075463974362 -0.15940403865175964
-0.05858572354717876 0.1557190245604549
0.07877808270398372 0.155733892494302
-0.08281580020456787 -0.1593249353534605
-0.06262672869416726 -0.0180160157655153
-0.18383788556931707 -0.08265952430567566
-0.11514987470844315 0.15976846649282828
-0.18787869887366335 -0.026089650066557047
-0.050515859251738564 -0.09073110332129616
0.034340750752780105 0.0627974499144423
0.1030297717466974 -0.046291467843349615
0.09898993822689366 -0.03013231145689483
-0.09494908854321903 0.018355200912192175
-0.13131015070621102 0.16381141439118255
0.17572732339847363 -0.17946424332278932
0.06667690758794945 -0.19579948496588315
0.1434277967871168 0.11936423864479347
0.03435337185634475 0.05069701530710637
0.026262711451817612 0.18377441374074457
0.10707304932248414 -0.1553452707022141
-0.1919077388472192 0.19611339244515283
-0.0020227339168192443 -0.022041070975821735
-0.16361455303505776 0.16375416547142194
-0.16363698070094373 -0.05029439334118571
-0.054556836407336814 -0.1715239061350227
-0.03434487310298618 0.0950847652408873
-0.14747243077172378 0.0708822098099399
-0.0828407269574744 0.0668439476016688
0.042405190986978175 -0.00989344600387434
0.07878554415974877 -0.0018479046840686533
0.06666733849919362 -0.03820893669505113
0.046464920660180216 0.022389327293895058
-0.0060616724313288985 0.05472080031659922
0.20000189929187184 -0.13517862316123175
0.04646249150693385 0.10318944867928555
0.038383290725807706 0.0668574441023403
-0.07069873417419287 -0.030113704326508697
-0.018184947476098598 0.18400246354163416
0.12321581819510313 0.10322165052678745
-0.1272669618516418 -0.030112097367012383
-0.02222339245907501 0.0870444066725274
-0.05454444192330462 -0.19576730533973669
-0.0424255963877323 0.16776600509509418
0.17170470168682728 0.19613631038993198
-0.12727099882079704 0.06684295372198638
0.010099578595589511 -0.14729013937360352
-0.014137080615370464 -0.12307409781803501
0.1919193977479254 -0.0826647091309551
0.014153925820641795 0.0748595547928742
-0.08281455173632835 -0.078531782955764
0.08679695023832996 0.14736616439595887
-0.12314846597733624 -0.058222477214332165
0.0342570247735746 0.0949065454828642
0.02626225782673846 0.018374651418656737
0.17977034170430453 0.183965852758754
-0.07868135240016744 -0.07429159228233544
0.17574384861096295 0.07894987066001041
-0.18787472708448058 0.12340759857572124
-0.1757526338980826 0.1840134785486129
0.04642853527878577 0.018458521092572455
-0.06666564009351914 0.13552816328856362
-0.030305589227410997 0.11533484569286125
0.19185913295018955 -0.14289582754162247
0.11514924953366387 0.143548660461976
0.04242550240282151 -0.03820363782874235
-0.18788122200585344 -0.18367919095529964
-0.05858715790340328 0.006228858858407317
-0.11919291506414625 -0.17155405325869214
-0.06262808171247883 0.03851927038688462
-0.18383417024021517 0.11936668066904495
-0.030320999511172776 0.12744925787064143
-0.054545234840450686 -0.16751577059771286
-0.11110988057558466 0.09512457694735162
0.09090552933282008 0.03855930073736105
0.022224395316937717 -0.15539223342745279
0.07474299933797697 0.119367046207329
0.13938536959260095 0.14765122214526036
-0.11918847628193165 0.15573304080303024
0.006056942084177138 0.11533037445419572
-0.1797800355606687 -0.15124289256720627
-0.04242540216982009 0.006232022819603505
0.0020162832396936293 0.002194407893243608
0.0020194458104136627 0.018354402831547097
0.0989832262162471 0.006234917405286108
0.15959591958608296 -0.03417262345173819
-0.1393952597103394 -0.12710927667796076
-0.030303267871473822 -0.08266070262679352
0.09090528472736181 0.05471291767085206
0.014142430194764043 -0.05841369668619265
0.08282234376659244 0.14360708453691298
-0.1434204497187312 0.19613267539296067
0.17576133347628267 -0.1473030460302057
0.17171228575605693 0.07087550644893913
0.06263000229898585 -0.1755942737039449
0.0626297523630581 -0.17559725515889738
-0.143434829376017 -0.08266206371126628
0.0666627074658127 0.06280043817857994
0.17171865904023043 -0.07053818011359024
-0.13131148425464245 0.02239464829136689
-0.10707179500270304 -0.15539398310978872
0.17574790929375736 0.0910738440397418
-0.15957933371134067 0.02644634985321758
0.1514956488312139 0.17186465461959607
0.17978722334217162 0.1799746432489556
-0.07474506241751323 0.05068444287086988
-0.03434316848836285 -0.11902446967592635
0.0787802070331736 0.19612387338738024
-0.0343433803773806 -0.026089003342078598
0.022218380601233993 0.17593505013840663
0.14342751070501727 0.1032075571099848
0.03030757900413149 0.06280704226011927
0.0666684291349096 -0.14324329461932586
0.010099052638085231 0.11532353779725998
-0.010100496076268421 -0.08265813672955519
0.20000270152302246 -0.09074381569953056
0.01414385161374253 -0.13518927775201284
0.010103006945315402 -0.1715557155945525
0.19190800206153907 0.1233939974031108
0.042425575444577625 0.05876408531261146
-0.13535080704186292 0.058760499197887214
0.14342565892742754 0.16381337000651539
0.06262209796046196 0.12745072756300374
-0.17575514506844359 0.06280037701042702
0.09090675906371593 -0.10685092598859984
-0.10302893097092253 0.006231670033316324
0.16767916914479056 -0.12306675434890721
-0.17170772783849086 -0.1271098685857768
-0.05050557667772515 -0.034173041762409956
-0.19596139082914413 -0.14731196616453524
-0.18787791188501948 0.01431175975463998
0.0505006973354828 0.08300441649643571
-0.038383469462398526 -0.0988218163461089
0.10706388769917842 0.11128033622987543
-0.1272697333496406 0.13553047503380164
-0.07878836966143062 -0.1877164419724964
0.11515292847056731 -0.13923205842856337
0.17979010515751018 0.11936348820540332
-0.014141160346168403 -0.046293269222283
0.1838431233364113 -0.1392315206539619
0.09090733429867473 0.030476196077458755
-0.014141544261713513 -0.00992793629893159
-0.014141517528460028 -0.030131280032576223
0.15150429664360288 0.20017411471313507
0.18788314335528888 -0.12709693232916877
0.022221900735930118 0.09511812301958317
0.05454853149999093 -0.1715530614437068
-0.022221482786762156 -0.09882362797449232
-0.018182939265785323 0.07087564266356851
0.058589182036892756 -0.19579245160442413
0.14746891525473366 0.07895074124728903
0.03030351062108558 -0.03821181419914321
0.18788131136332303 -0.11902563174858401
0.014143466684775625 -0.1473115911278384
-0.1959626797541069 -0.17559953485708393
-0.07878864987680415 -0.13923109657156874
-0.11111144399767706 -0.054376789753928144
0.09899319188001872 -0.14731125573693168
-0.14342757754120736 0.18803401244546866
0.14341154251511498 0.07897949699779448
-0.19998942630356054 0.17996861105499007
-0.18787332953782093 0.17997413510218713
-0.1919170249026037 -0.0176658654705954
0.09090676907075307 -0.018009971596481295
-0.014143348587915102 0.18401538847561064
0.19999458693555422 0.03451966039176371
0.09090673237584854 0.06280166525047098
0.1797997597930362 -0.06649905790110158
-0.14343243905719882 -0.18771161927115082
-0.026263855467364747 0.11128590881999859
-0.1797996192926152 -0.11902511996496239
0.01413062689665859 -0.07862577950341203
0.143435916672758 -0.09478312595526217
-0.0747471714500524 -0.005888449980865821
0.07878735026829524 -0.046293110622864564
0.14342994183201846 0.06279897864191021
0.022221288468451103 0.022396723392221766
0.11111471078243478 -0.13923046988229984
0.10302397499583095 0.1557152296469403
0.11111466161656536 -0.1351861240379894
-0.07878805065894368 -0.09074219825574809
-0.05858595837436122 -0.12306737237799478
-0.014140085459586308 -0.19984105703568267
0.03030514512846532 -0.1553937250790664
-0.18787727154433975 0.026434146351144223
-0.07070723452404576 0.10320705633706118
-0.0020207564734144035 -0.018008134039887623
0.11515161145697266 -0.03821338275843586
-0.010099692302771647 -0.13922951460303187
0.042427223212935926 -0.1877191475845639
-0.17979538232133763 0.07491841218588796
0.05857956833520715 -0.005883735879495761
-0.1272679468936084 0.1597694879525617
0.17170090339593228 0.1516920953895899
-0.03434061874135414 -0.09073400174411958
0.13130849532060307 -0.04225732986425877
-0.191915181820743 -0.19983451988483725
-0.13131057722492503 0.1920603649084444
0.03837819099867387 0.05068960837305214
0.19999620667044674 -0.02608603780243656
-0.1878679762351963 0.11128197652598817
-0.13535420118803407 -0.04629257603329772
0.13533817296353717 0.046630199919189146
0.18384138879910242 -0.09882146091321714
-0.02625022270414896 -0.022059972801918168
-0.010102578763030919 0.09108023640863896
0.10707212027330804 -0.08265843187226049
0.1515076708129096 0.13553000044087443
-0.0989905426697775 -0.11094581584496861
-0.0141454309867615 0.18399264212039396
0.04646077446506979 0.11937067549147003
-0.07474679842058903 0.14361227448724562
-0.13939135348615364 0.11936859568253258
0.1191909739052444 -0.009928438417709897
0.13131724039445106 -0.13923035332207673
-0.010101519256747987 0.018354966573327577
0.13130862003443652 0.05067921132255481
0.18788275832184778 -0.11498617655607331
0.04646693555489447 -0.13518959970463656
0.0868659044707657 0.04663508778308342
0.19596579912934875 -0.15943484431491486
-0.06262299483613462 0.17188391618045956
0.07878183228837424 0.16381489855015313
-0.17979545811491046 0.06684087629759662
-0.12727205077413561 0.04663909255050469
-0.0020196347818998675 -0.114984391332336
0.1272701739144404 0.02643506624746066
0.06666489360496579 0.03855868830682692
0.11111067930840315 -0.02205026952150647
-0.10706975372119468 0.05876077404112317
-0.03434569946768879 0.06684257266649005
-0.02626429613582777 0.18401495876786353
-0.022224048023035653 0.18401740067912853
0.14343441603477722 -0.03821254273930854
-0.08686782599365911 -0.050335215505366106
0.07474478713884959 0.04259861198922178
0.1878708426202244 0.11936736128130963
-0.010099588560459248 -0.15135120874697297
0.08282433045606767 0.0789593752809036
-0.1313147100354733 -0.17559706693731222
0.06666063708997556 0.06683255018181783
-0.07878626974603084 0.17593381891989107
-0.09090918496352908 -0.03012775601373681
-0.07878846012349107 -0.15134811542327697
0.07474521360436231 0.02239317495188587
0.09898203209873753 0.2001725878721961
0.12727094942956282 0.014315954041087375
0.05050413981924959 0.0425988927337681
-0.022221148847857336 -0.13922786795823994
0.1595871861905345 0.13956584178329903
0.18383721778556678 -0.009926621009052172
0.10303147785283681 -0.050334623881102006
-0.11919176425816284 -0.02609197969736493
-0.12727039628720618 0.1436099810925303
-0.17979996365530665 -0.11498636173575676
-0.018180593020103285 -0.17963783635900107
0.14343644278746165 -0.09882494961402577
-0.08282728805780137 0.15977253359632598
-0.01414084764978494 -0.11094164704524494
-0.147476235678032 -0.11902811042732844
0.018180487504492124 0.010271980394683277
0.042426357032890154 -0.13518867221533773
-0.06666663173483195 0.058760772678115206
-0.119189461329892 0.16785388474666516
-0.10302932022170919 0.10320747106080996
0.010098865969795343 0.09108632623957033
0.05454501416928809 -0.022049007399363083
-0.11515004821165803 0.07896215437026714
-0.08686933592871728 -0.15135046452197923
0.05050641767808546 -0.13114922335757367
-0.04242453966216665 0.16784546870218434
-0.042424733117446024 0.05472212393792471
-0.08282856546197442 -0.13518740307404872
-0.11515284562583342 -0.17155683596378524
-0.1111113370326935 -0.03417328754252532
0.10706093014050569 0.1678449370362559
-0.058584987611053504 -0.15942757963285697
-0.11515290331109274 -0.1755980117415025
-0.0060609657650832795 -0.030132162652734943
0.01413783585550351 0.18401440878896985
0.03434065905251465 0.09916855891935475
-0.03434339472031296 -0.05033467413136645
0.05454664531815618 -0.09074151976918629
0.12727048032862018 0.022395054438031182
0.11515096348825592 -0.009928008682229846
0.12323504719239935 -0.1069015570841049
0.11515108223341775 -0.01801058351889522
-0.0060600535431960065 -0.03821253653327684
0.14342952951136703 0.07492192580357053
-0.06666620336925078 0.05876162241875837
-0.13131158583237448 0.06280105489522542
-0.07878739216448641 0.14765220586543235
0.06262478080825154 -0.02204592451075404
-0.12323325504295804 -0.1311495391890838
0.03838678582339048 -0.19984154048695515
0.07070622106974832 -0.013975913016026518
0.20000324122769178 -0.1028649967017243
0.15151782575591716 -0.09074285232730225
0.0747461076845769 0.022394662659818685
0.11110604629855556 0.10320602340530209
-0.16767482140594986 0.05875986553830813
-0.17575655013208397 0.02239483246252364
-0.0262619871878392 -0.1351892080790575
0.06665976077318586 0.19612730673496848
-0.034343800618883855 0.05068164000218378
0.05858080567268157 0.14361086527875336
0.19191635079214361 0.02239466456276417
0.038380712122250964 0.14765184553077187
-0.06666611325271857 0.034519402468564324
-0.15555669481462642 -0.09478246880192497
-0.08282833342532589 0.014314661372147777
-0.050505540698588904 0.11532877921890827
-0.16767776689563954 -0.08266004370691821
-0.054547609257313036 0.12340254556433289
0.12727001907019528 -0.0018450617938703738
-0.16767684828181126 -0.05033656827291591
0.1070581256737501 0.18803934547003678
-0.05858477191534173 -0.12305895787596535
-0.11110951325913085 0.08299862044721228
0.06666096229922192 0.17593613242222075
0.042427171363816824 -0.1755966930989046
0.16362943069269886 0.10724159463453674
-0.19596076093564282 -0.12306722924618824
0.1717192865129975 -0.19175995760592757
-0.09494823851747022 0.11532703907284189
-0.11515285169298187 -0.17155341876798186
-0.0949504509976651 -0.19176069262765955
0.10303370977428453 -0.14731240310876745
0.11111626395147603 -0.19579939803414667
0.19595569588648626 0.03046877004115641
-0.1070682645755604 0.18401578184901235
-0.18383335616940863 0.16785296068802347
-0.10707011246020595 0.07088323386290354
0.15150737887467144 0.1274491258029002
-0.07070639278496033 0.0021943181278905773
0.1191858960529593 0.10320589596057612
-0.1636301529418744 0.09916536407892265
-0.13939599295427882 -0.16751442528654564
0.18786886908581116 0.11531757101542452
-0.11918661782816621 -0.03012590370869047
0.1595902141781499 0.08704315457016246
0.022220439978860935 0.0749241404698413
-0.1515144339748976 0.014313856084048195
-0.15151741514858494 -0.16347509387650297
-0.05858664897745938 0.0991586775189934
0.18787027718619811 0.12340785207404223
0.1717069420000112 0.17997399167060232
0.1717243817872319 -0.1957941024633507
-0.18383896228061253 -0.05033728939238659
-0.13131107695967278 0.1395674538757888
0.1999887990053378 0.1678527465840576
-0.1030278034134473 0.19209731546254033
0.01817820460037473 0.17593657367661475
-0.11919286761738933 -0.15942793590008209
-0.0545459137756712 0.07896241089679704
-0.0303040944274158 0.09916711498689658
-0.11918956836513929 0.11532801651815255
0.1232291020785017 0.022397665788786936
0.13939104704438604 0.030476366505877654
-0.03838280936729251 -0.19175856344099876
0.17980440976033146 -0.18368030402269966
0.14747750414301708 -0.09478374511969613
-0.03434135962359562 -0.19175890812367405
-0.026262639670069324 -0.05437986568696646
-0.1353552092143454 -0.15135369248303918
0.19191795449087745 -0.02205390147949762
0.17172424357975247 -0.183674765482278
0.1515203632149834 -0.15539451561165085
-0.18788061224975722 -0.09882546698746343
0.05858772977547253 -0.12306741759188641
0.1919092692470627 0.1557310011736569
0.034344020408170944 0.030483189442583224
-0.09899024678109034 -0.17155302996214727
-0.07474695640536781 0.18401517696359804
-0.11919093408074384 0.06280193925972395
0.06666630053578798 -0.05033320587115448
-0.030302852644197787 -0.054375520905961816
0.09090302135622398 0.14764895848315515
0.15150632442344575 0.16381355655423308
-0.0464647152247458 0.05876257169395521
-0.06666674697767055 0.01835580758984578
-0.058586042539018904 -0.005887857061010284
-0.002021722013178992 0.06684250012917682
0.17172276060612413 -0.15539453489316102
-0.06262551322294915 -0.10286433810313615
0.1474661841636604 0.15169018172662882
-0.14342773644485918 0.19613650022364795
0.11515009665976224 -0.08265074988776609
0.19191996752931728 -0.05033717252094504
0.09899189640154231 -0.05841644110045255
0.12727046718152504 0.006230276889763259
-0.06666556309148967 -0.09074053739687245
-0.18787907999278755 -0.038215532010353596
0.11919344360182849 -0.11498582491914146
0.13938976206634016 0.0668400204769939
0.010097843743292928 0.18805752248647353
0.19998923737907687 0.16381253726270367
0.02222286021332774 -0.0664967103446498
-0.1595979964558402 -0.19580062110866625
-0.030303218351379155 -0.1028657326633904
0.042419665432970495 0.1678522912979669
-0.05858441805623201 0.19209748866074658
-0.19191506850401072 0.11532733279878372
0.018182141250411555 -0.13922429314835727
-0.17575168256253887 0.17997030633546837
0.1353438684306946 0.18805656993541903
0.07070642122002448 -0.005887039585171484
-0.199995180244069 0.058757743030741105
-0.16363483018942382 0.054719325158228194
-0.15555808431090243 -0.1755979945181245
-0.16767812038785992 -0.08670299997611049
0.08282687351489788 -0.005888420392120092
0.01413877350756957 0.14361037864256346
0.05050226332096331 0.07492496782079626
-0.143431800537323 0.10724665779465016
-0.006059701562547582 -0.11902633951408567
-0.13939152497479032 0.10724435714277314
0.14343022357951538 0.06280128666173973
-0.10303091402308559 -0.11094527855808035
-0.19999817887024765 0.034514200996960134
-0.17575583733649014 0.0587592067371948
-0.15555667455298638 -0.06245483279275295
-0.17575759617672987 -0.022052532088755242
0.006056975166402819 0.13552494982477675
-0.12727178262543035 -0.06649290811823273
-0.13131449892958869 -0.12710872598395415
-0.17171920195893883 -0.12711009028539974
0.006059299984427307 -0.09478306068433597
0.02222186130227212 -0.018010597743151252
0.14343751334541668 -0.11094605701635639
-0.05454509314797728 -0.1230675904068458
0.15959435815536682 -0.0745817929661711
-0.15151471662405758 -0.05841781581297262
-0.17979667848272834 0.03047481366785392
0.13130194876778079 0.17189065661492473
-0.03030315464161126 0.20017874848260928
0.06262708174652702 -0.10688852239747354
0.16766671361897606 0.175933640110635
-0.19191535146466857 0.1072456669423725
0.15554829813009757 0.07492302227751448
-0.0989880641272995 0.10724737848065745
0.10302971683367265 -0.06649350705084368
0.034342209520311404 0.07895836915957721
0.19596540796891548 -0.19174985655173085
0.06262598691593133 0.002190618067675172
0.08282830837137602 -0.04225178462903407
0.12323395786366645 -0.11902223993221303
-0.05858387909693976 0.11935993745144328
-0.07878789107234224 0.010274547511424828
-0.0666666294267009 0.15169030202392794
0.14747283741460243 -0.018007559572477207
-0.0666660061376395 -0.17559600958693802
0.20000687320487892 -0.17963991952203087
0.06666846119890499 -0.09074246946920395
-0.1393950037087754 -0.14731283256919953
-0.03838366110930496 -0.11498625909782911
0.0828205056602818 0.2001710610518105
-0.1474766761494514 -0.19579752363416963
-0.07070774374345158 0.04259192688289327
0.15554808921988508 0.11532686199119364
0.15152135460676747 -0.1836720175037679
-0.05454306205983056 -0.02205591643004645
-0.04646465308436201 -0.06649745491441901
-0.08282822282774557 0.0183552835310121
-0.1232337162397254 -0.16751407218747555
0.08686665080977814 0.030476369176874085
0.15959133036225795 0.06280067491637852
0.1434383146055831 -0.12710713678149427
0.13534950860388037 0.06684132793326342
0.10302749574840246 0.050680159660954655
0.16768079685942264 -0.13114557743776284
-0.19999786548278342 0.018352140637356826
0.07878991191045381 -0.1755946059741464
-0.07070684354069628 -0.022054274744007972
0.13131671321796945 -0.14327089373801966
-0.014143252123709876 0.15573345156915935
0.06262365757227197 0.04260189441289625
0.05858592864232566 -0.034171869946813434
0.10706553656799564 0.11128725980790591
0.14747978933477918 -0.16750716208027655
0.13939226392636483 0.010273438142154685
-0.11111129916155782 -0.050335587886522586
0.07071034220103518 -0.16751536477383583
0.10706519876507148 0.11127552351922579
-0.1595957916148636 -0.04629440103526779
-0.17979749914564222 -0.001849564766428988
-0.12322965546859206 0.1920956608467107
-0.18787494571565064 0.11128700404208423
0.07070842466666029 -0.09478166035836291
0.10303208940229198 -0.08670151757091722
0.07878463998659105 0.07896276886007361
0.12322631291096393 0.11936871466208043
-0.1313136717121124 -0.11094368974229954
-0.04242431698073923 -0.054375730982294604
-0.026261687395108105 -0.17559582028467324
0.018177737040501605 0.18804479997855642
-0.018182503971798374 0.05472295395033125
-0.1797980646600035 -0.08669986469934142
-0.002026175802769496 0.11531922461345141
-0.0020222859668581374 0.12745072405291455
-0.15555382299491174 0.0021946694942924735
0.018178154019110083 0.11532620144703681
-0.10707080322753389 -0.07053704827983862
0.03434370725887347 -0.07053817915358734
-0.006060426540309201 -0.03821306534976182
0.10303231334021544 -0.09478255583377912
0.15151591496055156 -0.05033623502938039
-0.11918009778734462 -0.046295359441858135
0.13131796424718892 -0.1634755003155759
-0.09898886696571657 0.08300229101546586
-0.03434500566514971 0.042600449885874046
0.13131606946267027 -0.12710669787514906
0.02221911661727091 0.15169125724399607
0.13131457209594627 -0.09073484979091685
-0.05454411553573024 -0.1392299598897687
-0.1272707151048982 0.11936741468405389
-0.02222355793358741 -0.030126562808200173
0.13535474186740418 -0.0947824306712274
0.12726500059043108 0.16381106559840872
0.030306006916208217 -0.1958001780980912
0.01010286721058318 -0.1553936654417006
0.15960163918985087 -0.16751677518863564
-0.13131404635404242 -0.1877204933890593
-0.16363890676823253 -0.16347671548523748
-0.06262682402744313 0.09916257730964272
0.15959813246197538 -0.10286210690650247
-0.15151661270785294 -0.19175937967847662
-0.014140851546133251 -0.1069047605344167
0.1919095851488648 0.147649964867412
0.0020216022475712182 0.03048047379614802
-0.0060608004535250455 -0.018008725127918682
-0.12323355644142486 -0.1513527744002961
-0.1393952211510602 -0.10690586553449295
0.06666157454839756 0.14765222018282229
0.17575404664063493 0.03451749701409048
-0.15151017008447681 0.07896187719586992
-0.18788172312051402 -0.15943111626694223
-0.026263140258530198 -0.03013234188694727
0.09494801608295703 0.0021929547925953535
-0.042423561530387836 -0.1594334155399771
-0.05858582038043445 0.05470964313324033
0.006059050438417082 0.0628024228711501
-0.03838267130717909 -0.09073217962601078
0.15959991708140117 -0.14327186587634605
-0.046464755963441386 0.1355291219181375
-0.16363124724975517 0.19209574995326179
0.02221661450916051 0.1920983343486913
-0.2000023496449154 -0.14730713083342342
0.054546495761267265 -0.15135259473300672
0.17170615852610865 0.1840091147504949
-0.16767773537681693 -0.16750973487326815
0.030303371988545977 -0.14731212432993182
0.17575363834399982 0.04259500669123615
-0.1515165510636532 -0.1917590231293896
-0.16767892505588272 -0.13923311775236127
-0.1676726232933124 0.15976713330078138
0.08686166879416003 0.15169349666388157
0.1676792773060639 -0.0988164494214037
-0.05454529867209703 -0.026091336629423825
0.07070963359574287 -0.15135075226967892
-0.02222274727149196 0.0668384313332314
-0.18788101677971422 -0.1432702654115884
-0.018181869930550803 -0.15135246613513526
-0.11111186278381355 -0.13519055788732984
-0.19191940924276427 -0.03417514065258933
0.03838058771269569 0.06684146892938223
0.07070436363485753 0.04664051480751166
-0.03838306916132116 0.04259954272851546
-0.02222406125878519 0.18401693442792894
0.038381682536611006 0.058762972138723786
-0.10706815793759179 0.18805586993123857
-0.08282875359146931 -0.09477749806648937
0.11515346520121052 -0.0988236382658604
0.15959322742243168 0.02643464375631222
-0.19191271042497288 0.1840130336866071
0.07474685856740611 -0.03416982924652386
-0.08686858443273848 0.002192970262934353
0.08686564991048046 0.04663936237510952
0.03434430587790517 -0.07053683642660313
0.07475090187213541 -0.1634744906010244
0.20000341507923744 -0.0988254887956997
-0.09090701243631127 0.18805457463140812
0.04242081032551656 0.11128914046434982
-0.006058689413000807 -0.1917493937314915
-0.09090898538115752 -0.03013365072612536
0.07878883702874884 -0.10286264474330038
-0.12726945056694322 -0.03013521838607485
0.08282604072079483 -0.042253526008795776
0.022225222038003506 -0.19983905451560613
0.034342803680645816 -0.0058904629094272505
-0.08282787471650202 0.0668421815632402
0.07878156719491843 0.16785472543876978
-0.09090790007892384 0.1314909075167656
-0.15555212031785828 0.14765136823429498
-0.09899101879495709 -0.19579966090906656
0.19190532282178885 0.15975379222051062
-0.1636364265234518 -0.05841614979557625
-0.1313134213763488 -0.026092364653191053
0.09898199394267683 0.139567801565926
-0.1595974556965321 -0.14326997111720743
-0.19999559244415216 0.11936239658327291
0.17575468690680796 -0.04629155201361059
0.09495293315243304 -0.1392305180890415
0.03838697993038211 -0.17963724514324084
-0.13131379627894224 -0.07862092447631679
-0.1555534469028626 0.08300187355437881
-0.014143658684805419 0.0587621518946049
0.11514711267880608 0.04663960534623446
-0.0909093271612002 -0.17963663218492631
-0.0060595307148284434 -0.14731193504851692
0.0828285611070794 -0.074581003003308
-0.09090925026749297 -0.09478289028383116
-0.15959496536095444 0.01027139869323011
-0.09494918639914134 0.1678480146670837
-0.11110956177802081 0.1193700842339323
0.15958695263225486 0.14765149181667472
-0.10302952887485882 0.0021941776372350215
0.16767065200506642 0.09108424356010421
-0.11515275442066163 -0.17963806973461882
-0.018182774836398775 0.0547202309199798
-0.002022831745915841 0.1678544292699969
0.10303507904422911 -0.19175657186937473
-0.11515058814238456 0.05067863707162046
0.1070729831408356 -0.1432677907208274
0.006061611019926036 -0.06245792431106696
0.1919266104739338 -0.1917616518967765
0.0909110757705895 -0.0665016639913747
0.15151146839059412 0.05067864452190956
-0.078786871688441 0.17593563485091587
-0.01010264937258694 0.09512714457523178
-0.09494862428250392 0.06684253632431253
0.08282245681248498 0.06280226425537141
0.200006324600062 -0.18770675759797537
-0.19191693045518954 0.04663688453851836
0.06665990920546859 0.18401601992267386
-0.13131007035015266 0.15977344266294743
-0.16767862582844625 -0.11902655696298883
-0.07070807986228664 -0.07457978571399207
-0.0707068558948807 0.13552733339114148
0.018178005236728096 0.1920981230058543
0.014141253937199087 -0.01798753857420853
-0.18787918281235377 -0.14731024603019133
0.11919007429142496 0.010273651699870427
-0.03434299714217416 -0.058415745450651375
-0.15555801854514803 -0.179639105439174
-0.15555189420045581 0.15977146083429414
0.16768200061643943 -0.16347272257483764
0.05050547691667106 -0.03821366830509754
-0.0909079137945795 0.04663866112724162
-0.18787286860267888 0.17997260585793556
0.13938235764434473 0.13957202870104102
-0.014140415570796688 -0.12710760502878377
-0.11110892991978993 0.16381051086088136
-0.18787985954186812 -0.07457837080393845
